1.002871162371677283e+00
1.000079535764871075e+00
1.006099234646688156e+00
1.000455647221793143e+00
1.001323400934658103e+00
9.952638138994812644e-01
1.002560617109593322e+00
1.001830024955294274e+00
9.992210595743306056e-01
9.998335203197132870e-01
1.000344386770515515e+00
9.981072518233597979e-01
9.958847849965341004e-01
1.001123870855593401e+00
9.988936345063420541e-01
9.973004861494191298e-01
1.002678504727399167e+00
9.992407738403100703e-01
9.971404393244170938e-01
9.986459069222179963e-01
1.002469471358704567e+00
1.003535446145577215e+00
9.998769922152507261e-01
1.004503386803433651e+00
1.000311847774489671e+00
1.000020337424123662e+00
1.000318770865610940e+00
1.000221895100602554e+00
1.001851112207935435e+00
1.002389602496603915e+00
9.998149097643787009e-01
1.007817696167160326e+00
9.979384975258673851e-01
1.000559470789685435e+00
9.924749931316403373e-01
1.004372621638051299e+00
1.002433379314608075e+00
1.005734278350735256e+00
1.000299470520550127e+00
1.000799097266231730e+00
1.001656706820660547e+00
1.000621738846591668e+00
1.004317157894592416e+00
1.005533152086676152e+00
1.003026950241992843e+00
1.007446011009124343e+00
9.990615655867378653e-01
1.000167316981566579e+00
1.000545954074405719e+00
1.001287093619238622e+00
9.994951841540115067e-01
9.981404824358750538e-01
1.003320942789541093e+00
9.988438573397740994e-01
1.002335444852139545e+00
9.989058603336503639e-01
9.984517558798904346e-01
1.007483978502672572e+00
9.981144388629779041e-01
1.005739309352030375e+00
9.995668135618045458e-01
9.995840186446347531e-01
1.003583396656045457e+00
1.002737631505979055e+00
1.000075674795450009e+00
1.004039454583971924e+00
9.992162365086321163e-01
9.963001525941779235e-01
1.001702957221141110e+00
1.006404067606366359e+00
9.994645627911714625e-01
1.000768627910358921e+00
9.948194060636257330e-01
1.000229957608594900e+00
1.001220985928985785e+00
1.000362160188482452e+00
1.004001465753409761e+00
1.000384682518476120e+00
1.002570573233822149e+00
9.996515438423331235e-01
9.982430315508205032e-01
1.003008619395318490e+00
1.001187010320230497e+00
1.000437716845262059e+00
9.970490244615649589e-01
9.973426332635558778e-01
1.004240550429312373e+00
9.969390814350620467e-01
9.994782627819132070e-01
9.991094500343065121e-01
1.000440542202077010e+00
9.997465071597494424e-01
1.000559053944586552e+00
1.000786480727146266e+00
1.000484197931226449e+00
1.005665897428499544e+00
1.003415876369232906e+00
1.004811906148719070e+00
1.002787485905976883e+00
1.002858789605367784e+00
9.951807734203087508e-01
9.961291043987717808e-01
9.969989605792890508e-01
9.992423081357434400e-01
9.979277674091755479e-01
9.975970475446525043e-01
9.997680308601668564e-01
1.006234137770051440e+00
9.949446283673927249e-01
1.000297168772316336e+00
9.972591686323364346e-01
9.945995738852272394e-01
1.000853333927586020e+00
1.004312056059271985e+00
1.000512016636567747e+00
1.006891208513525759e+00
9.955123598508002214e-01
9.952904431566532706e-01
9.970024883500177015e-01
1.001607039962761903e+00
9.960919932910184960e-01
1.000405892281108988e+00
9.985263104981066951e-01
9.996513664170940672e-01
9.948231261421152105e-01
9.928729446673755232e-01
9.980984077674106558e-01
9.959539106281245502e-01
1.002428690644865172e+00
1.006436201979319378e+00
1.003119258001116565e+00
9.985858405026728501e-01
9.995903354903062921e-01
9.997170286792990135e-01
1.000223049231498296e+00
9.985243059782652475e-01
9.970890590331998871e-01
9.957620277956713561e-01
1.000085246576119857e+00
1.000375329573856664e+00
9.985993040471773385e-01
9.958164807420392117e-01
9.968849882738101131e-01
1.002488281241329604e+00
9.952009403853194769e-01
9.987868890694076018e-01
9.982182000229380403e-01
1.001343290171127665e+00
9.990295147566480294e-01
9.938358981959045657e-01
9.944235564393368865e-01
9.985101260907461862e-01
9.968571155362733194e-01
9.944411134754129744e-01
9.940437888297033453e-01
9.985929886492969088e-01
1.000513792602796936e+00
1.001364325124551202e+00
9.967491044097835928e-01
9.941149384616111417e-01
9.926661538932861628e-01
9.956788863123998690e-01
9.947482543091319407e-01
9.950115972426133437e-01
9.984638120344689893e-01
9.963139199304725802e-01
9.905984397712898071e-01
9.984601900575876821e-01
9.977652375874982438e-01
9.954311016558676783e-01
9.901571385265452996e-01
9.963821295412788048e-01
9.932317133166786993e-01
9.896928416451488131e-01
9.976348792852297587e-01
9.932847143040911542e-01
9.997755821999045889e-01
9.979844274800648840e-01
9.911047899421409069e-01
9.902997685581073073e-01
9.917301378896942188e-01
9.902852780092649132e-01
9.910250057640511701e-01
9.905647013511442722e-01
9.905944618080835262e-01
9.908886217845116473e-01
9.865176715076311442e-01
9.886326108484191355e-01
9.960846825996139131e-01
9.915112446334433116e-01
9.880981499060556006e-01
9.883021696386798949e-01
9.880769702689453649e-01
9.926307913268621608e-01
9.933145078725454935e-01
9.950659073893803885e-01
9.878608688485340794e-01
9.924835079210028166e-01
9.892697966831740519e-01
9.924407609757290860e-01
9.417263180296928660e-01
9.373932104047423275e-01
9.419118127221256520e-01
9.441778767175854625e-01
9.365256275112092688e-01
9.406001411340891849e-01
9.376482088677207116e-01
9.371094989035885225e-01
9.369553667254144624e-01
9.397080075615792394e-01
9.374256536865263056e-01
9.388545855011021235e-01
9.386009390143521536e-01
9.380994412312536612e-01
9.369774927480136739e-01
9.360150208383931636e-01
9.392364075140825497e-01
9.331047269421313128e-01
9.394320888794129853e-01
9.334311867316509304e-01
9.475410308674259152e-01
9.380995925738844221e-01
9.445068478395012290e-01
9.372403192119324045e-01
9.356424124193870595e-01
9.362041325684938853e-01
9.312565503238111608e-01
9.356498738714317254e-01
9.309561430447693686e-01
9.370066233955340884e-01
9.340112312720367793e-01
9.341815369171179162e-01
9.322706827765877557e-01
9.281998416183701028e-01
9.352610863516580553e-01
9.382081212140573889e-01
9.380114628569099500e-01
9.331291309302480741e-01
9.310242743025494150e-01
9.327176557603030771e-01
9.320205360992742660e-01
9.291835471853725492e-01
9.212682867059246439e-01
9.326968650963723961e-01
9.347722028576161968e-01
9.338737673584347476e-01
9.288362364459035181e-01
9.359052968571729414e-01
9.265632927786368045e-01
9.319619555150715495e-01
9.317400304181515658e-01
9.274821333669590606e-01
9.307037586790487538e-01
9.350626407253057604e-01
9.267095173682242670e-01
9.308882869473334987e-01
9.295366905314049744e-01
9.277614520260165643e-01
9.293897108786778327e-01
9.261338096078840509e-01
9.338579303953830069e-01
9.356309124404271760e-01
9.218185664514011446e-01
9.336821247248132671e-01
9.330398769509498091e-01
9.298183058033093751e-01
9.327737295487515956e-01
9.358303882329909174e-01
9.329132607003067790e-01
9.296094552618252571e-01
9.316473718534415971e-01
9.284416902737733235e-01
9.276253754226873038e-01
9.326396122227263996e-01
9.296177831790182200e-01
9.352810434319699384e-01
9.283583784030882136e-01
9.329625572806711231e-01
9.281701282170935485e-01
9.331872311242757068e-01
9.264944531181460441e-01
9.309299023151926811e-01
9.274453702353195883e-01
9.312119098476918655e-01
9.288426804499325673e-01
9.301293540361990075e-01
9.330432241693195072e-01
9.244217689358051881e-01
9.293600429141426478e-01
9.299283586813743563e-01
9.282926372378326185e-01
9.312077076894265115e-01
9.254590174437915540e-01
9.291679808365705950e-01
9.337127589201116296e-01
9.320430068147993463e-01
9.294689308940665695e-01
9.318826229802468220e-01
9.315855762470457435e-01
9.307923512088701612e-01
9.314168613259150575e-01
9.282858666886451005e-01
9.312088290894311449e-01
9.207872079394833209e-01
9.295782079391313735e-01
9.320258594007142516e-01
9.307488432142939638e-01
9.295056058956547851e-01
9.271635834141505050e-01
9.354548505579949325e-01
9.301404812133737821e-01
9.278464188783915878e-01
9.276563289767703058e-01
9.265029894502394558e-01
9.324201821277852131e-01
9.296214502217743370e-01
9.359544775904635738e-01
9.291629596324674223e-01
9.314312404165014936e-01
9.279801790427328889e-01
9.307004546738920636e-01
9.363350830763184085e-01
9.325236874626389172e-01
9.338214538471437676e-01
9.301893747601256424e-01
9.276656948028118022e-01
9.303939301588085575e-01
9.302792676419011642e-01
9.337816022867414523e-01
9.302143070617682197e-01
9.285663450006489406e-01
9.281118509805561523e-01
9.326489943038291930e-01
9.253889604325761242e-01
9.301177097860119369e-01
9.317026606963899615e-01
9.324472767572277165e-01
9.359661338718101575e-01
9.307456604186586935e-01
9.312036549280880982e-01
9.330395011293829421e-01
9.345057025262824002e-01
9.362041551471503853e-01
9.316075389168732013e-01
9.283550754638076885e-01
9.344514459090893510e-01
9.307871093556413511e-01
9.342847373780680531e-01
9.380947819894325246e-01
9.309577477770422105e-01
9.345462936807991117e-01
9.294235566803539239e-01
9.302763961690466710e-01
9.339560026922425484e-01
9.344946198030928963e-01
9.348033051676234439e-01
9.336730947899720690e-01
9.311468264561166830e-01
9.336775236760037622e-01
9.388950492996985808e-01
9.351461531719266196e-01
9.349629920756489243e-01
9.314760036540074006e-01
9.285267040167853869e-01
9.329645956784506922e-01
9.405646148990357558e-01
9.348114686467253742e-01
9.368504919287792276e-01
9.342752364708295509e-01
9.395265844694152824e-01
9.434995431659706222e-01
9.360952316824650010e-01
9.347645020645137803e-01
9.332933484633909593e-01
9.312719625645451416e-01
9.299091667153155383e-01
9.373167398798274430e-01
9.397938681591705423e-01
9.333991707722346653e-01
9.378259789120322321e-01
9.381627972119763736e-01
9.418736215895031627e-01
9.414487302598415486e-01
9.383108882005452012e-01
9.443298691324688576e-01
9.358542020838542808e-01
9.436934572227604345e-01
9.381447842523601421e-01
9.398302432886773694e-01
9.383966118220280483e-01
9.337622133997063312e-01
9.385275343290353511e-01
9.393573124366204619e-01
9.452632572694805724e-01
9.427759054306397157e-01
9.405839013570723717e-01
9.409076684210113672e-01
9.420488430754061504e-01
9.411446551707592922e-01
9.417030077591459492e-01
9.457893599205832169e-01
9.392074587444370071e-01
9.420546902424546953e-01
9.386339219287341828e-01
9.379649875198362574e-01
9.462465628021999864e-01
9.453683174581465343e-01
9.409694419679439648e-01
9.413654385882445075e-01
9.430028099537408615e-01
9.377262180752330423e-01
9.416830182884550204e-01
9.416239273321242997e-01
9.433013855344802856e-01
9.467355982138671022e-01
9.479272821121987880e-01
9.509910284691912574e-01
9.510551680538229524e-01
9.451311736566013755e-01
9.458171727954655106e-01
9.526567512524349857e-01
9.401264340136368247e-01
9.454681289544150102e-01
9.488634592977398530e-01
9.469142781830903743e-01
9.478596134805551410e-01
9.460389168784593128e-01
9.473449238364861635e-01
9.480178529226176432e-01
9.507009369308641045e-01
9.443506372563010842e-01
9.520468730210110975e-01
9.476957673259592818e-01
9.451532518014249540e-01
9.473413776495958061e-01
9.484642525837062577e-01
9.532868444322556423e-01
9.509419805889961497e-01
9.515447098062750353e-01
9.499477848978663541e-01
9.512107224645016679e-01
9.529465920275971280e-01
9.495583183640136093e-01
9.497690861298141440e-01
9.528583430862781478e-01
9.561373173091386457e-01
9.576848318438268004e-01
9.528637415874787742e-01
9.567195958604896022e-01
9.504800173952999698e-01
9.526019845591162660e-01
9.529540547579234966e-01
9.533436815083892180e-01
9.555257918676541840e-01
9.607743824524935805e-01
9.548597918496156689e-01
9.563586246652495682e-01
9.536464492023570827e-01
9.537764900546795710e-01
9.546834951265418256e-01
9.604313993601735211e-01
9.568913177859929009e-01
9.518891214857891914e-01
9.589683340154634417e-01
9.591519056050911152e-01
9.538600245564432534e-01
9.530384358478414253e-01
9.586299454456489455e-01
9.593598956002549194e-01
9.589653143055459905e-01
9.597757159217652490e-01
9.599150227139703340e-01
9.644545592257920408e-01
9.634686556118091660e-01
9.557035933653212911e-01
9.625507465789486794e-01
9.563326719466541670e-01
9.563926403464506620e-01
9.640322553131094319e-01
9.658509447967115191e-01
9.606680602806587643e-01
9.678736360287691909e-01
9.645608559484856181e-01
9.638743005199277292e-01
9.622374234119440706e-01
9.582553491800168688e-01
9.663662150182965593e-01
9.643250404965453271e-01
9.691897394201245408e-01
9.675452055322587563e-01
9.642696989692640663e-01
9.637781635476176945e-01
9.683020719446018276e-01
9.617849662468448413e-01
9.691225590430431192e-01
9.656391843676932485e-01
9.634345935051162879e-01
9.672779630826051633e-01
9.671791648895667892e-01
9.644658241851277181e-01
9.607358027799024480e-01
9.661001799442504590e-01
9.652962485450071739e-01
9.694440330198640376e-01
9.660415896429545013e-01
9.643436211250783208e-01
9.743506068261041930e-01
9.699253217359958823e-01
9.706337954906002485e-01
9.655279424441346459e-01
9.679071561220178310e-01
9.727164461265258577e-01
9.749156400725186300e-01
9.698086137344431590e-01
9.726484453362140847e-01
9.679976633999367586e-01
9.760774066534070315e-01
9.749083551048522978e-01
9.741036917977913268e-01
9.687289354441219746e-01
9.748562994969339757e-01
9.771198132981192552e-01
9.777137895302010495e-01
9.730082021975766660e-01
9.761741755938130316e-01
9.748742064228811399e-01
9.787840607169936424e-01
9.785559533152980993e-01
9.755284886940529532e-01
9.765159701277151827e-01
9.753191019684677165e-01
9.772546335983461896e-01
9.799333100588816237e-01
9.750532607049374745e-01
9.745408363379165495e-01
9.773666691230741277e-01
9.721269483566967740e-01
9.781038499271748066e-01
9.794521720747190185e-01
9.791081979334506080e-01
9.828390123818662172e-01
9.825707047951254269e-01
9.790720627317699432e-01
9.794512110624109535e-01
9.864287016686393850e-01
9.817774712056325237e-01
9.818341516733171126e-01
9.835193098223183883e-01
9.770972945928565467e-01
9.757435004651480170e-01
9.832101691855162917e-01
9.804466726317627723e-01
9.772868551059012976e-01
9.880528512239856731e-01
9.907292073145069766e-01
9.845261082653494755e-01
9.865375913285634457e-01
9.845804144026453208e-01
9.831262222027864484e-01
9.818853775263765016e-01
9.847854117980590072e-01
9.779955636170195588e-01
9.842771062895354639e-01
9.863851666841023658e-01
9.854117897922883840e-01
9.876931085369200503e-01
9.879227257857425837e-01
9.827444660846079705e-01
9.854756744993559137e-01
9.853139730352388215e-01
9.887104806204465302e-01
9.818863894732918762e-01
9.874491928792861195e-01
9.889225695097119129e-01
9.903684533419548908e-01
9.862142138675481506e-01
9.893957221088336418e-01
9.899688469479749342e-01
9.911551865842663789e-01
9.905677358125639653e-01
9.926056763408773742e-01
9.883396271356666984e-01
9.913849703438910588e-01
9.921737351556256801e-01
9.865861568998005593e-01
9.901220574009511610e-01
9.899871904315159510e-01
9.892006167314095766e-01
9.842921091959426771e-01
9.892244431307194441e-01
9.930351559613173063e-01
9.927393973043713293e-01
9.900439723725382724e-01
9.888465965828193704e-01
9.927315612567724212e-01
9.924824124910970324e-01
9.910391323284933884e-01
9.932554305563421337e-01
9.954660911973314263e-01
9.960779632989633647e-01
9.425379514323379837e-01
9.412472659869310920e-01
9.482031955042071747e-01
9.479229517835552343e-01
9.412139001934425320e-01
9.517771567588062531e-01
9.490106727410770882e-01
9.420910898132970335e-01
9.451445354927865417e-01
9.450119145273009336e-01
9.509991340155048434e-01
9.478572397495039770e-01
9.431157237469549592e-01
9.468039197029958220e-01
9.491168479099593158e-01
9.462279117494722946e-01
9.505158933106265806e-01
9.426043018396195183e-01
9.482789056217549861e-01
9.466140646024145955e-01
9.971157808945320111e-01
9.996398438874697367e-01
9.969467222004209095e-01
9.955469723217039713e-01
9.952889333636990576e-01
9.976272143766516942e-01
9.956027133102952620e-01
1.000760477184483799e+00
9.938883435605841976e-01
9.999808622047452467e-01
9.991120517658109712e-01
9.950399339762978634e-01
1.000532825572648887e+00
1.007053909632927846e+00
1.001772761662265587e+00
1.001082044902572132e+00
1.004053161041260189e+00
9.994814037769319537e-01
1.004566826807137270e+00
1.003284536263326476e+00
9.985904333378351483e-01
9.970497436683123382e-01
9.991089848255498840e-01
1.001543950443167796e+00
1.005122102946965468e+00
1.003658316815832841e+00
9.974391400041734412e-01
1.005857196592335745e+00
1.001800494223373805e+00
9.949414199747693699e-01
1.005117334713152344e+00
1.000039306434281627e+00
1.003540157151969092e+00
1.000572753011594207e+00
1.002575464949506667e+00
1.004466517592894848e+00
1.001597813695418671e+00
1.000281966373807840e+00
1.003299024334138201e+00
1.003465606980297187e+00
9.988301371595437184e-01
9.986641635236213066e-01
1.004235776806597702e+00
1.009107292921304744e+00
1.002748461182695117e+00
1.008280957434530833e+00
1.004606855741723370e+00
1.005094325536090460e+00
1.000366640895614001e+00
9.986300071377577359e-01
1.003735981559604751e+00
1.004621343682970291e+00
1.006175641546241506e+00
1.007294435630270213e+00
9.959592675763009328e-01
1.002539641391948955e+00
1.000970133649204064e+00
9.983640494199448323e-01
1.004609766941213289e+00
1.003439303619136247e+00
9.991113722598155000e-01
1.004358229613003362e+00
1.006128397488315729e+00
1.003932501590409032e+00
1.007828965102766761e+00
1.002627629690721500e+00
1.003645130145546238e+00
1.011859711556110542e+00
1.005275024162385789e+00
1.002482498173951964e+00
1.006815221734000954e+00
1.011124293279953790e+00
1.004140903996836309e+00
1.005990456673566458e+00
1.008174730029066213e+00
1.004657919809532451e+00
1.008052494103872876e+00
1.009425912396265002e+00
1.003266726357469718e+00
1.011924668249384762e+00
1.007808179819389416e+00
1.010855663407375760e+00
1.002756928016064863e+00
1.009730502026125354e+00
1.007398609929765154e+00
1.000355580824220381e+00
1.002537487386062409e+00
1.004246723047131473e+00
1.004593102381190262e+00
1.006445775081420635e+00
1.010464027143556320e+00
1.002847931854385699e+00
1.004203915770009337e+00
1.013227882515326472e+00
1.002382248375485618e+00
1.006575403171935168e+00
1.012333901264778957e+00
1.005922979210931656e+00
1.006399217444455818e+00
1.007125956435420244e+00
1.004812620466360107e+00
1.006593903454101602e+00
1.006185042001676466e+00
1.008715688774520780e+00
1.004660556290669415e+00
1.000755372438820290e+00
1.008504139402099042e+00
1.009387067271736438e+00
1.007316669487507310e+00
1.014627409157556226e+00
1.012685795859370241e+00
1.009143724508266393e+00
1.008439746840963824e+00
1.012200907597073485e+00
1.013752644468011610e+00
1.009633079786305343e+00
1.003839442165223916e+00
1.009055420015246174e+00
1.006583137773590986e+00
1.003758806888818134e+00
1.007972347425342141e+00
1.007685608458765314e+00
1.006693461630246755e+00
1.011880648105095704e+00
1.010676744442109420e+00
1.006230142906378244e+00
1.005597395844577857e+00
1.007610599942946106e+00
1.006525733293739178e+00
1.008000730035639725e+00
1.009431021759475078e+00
1.006990428826279427e+00
1.007978608746643356e+00
1.007532383286102728e+00
1.011814284234248573e+00
1.004186853586307437e+00
1.009068830696633112e+00
1.008549951410282031e+00
1.007204804596594672e+00
1.014245779783812917e+00
1.009674539843330443e+00
1.010638706387494423e+00
1.010121057181298854e+00
1.010172305638588952e+00
1.011548624871656532e+00
1.004278775771794141e+00
1.009922991966799799e+00
1.009704013406014012e+00
1.006635790401796626e+00
1.007162054710088350e+00
1.010169958400764623e+00
1.004348544868705728e+00
1.013341448986852189e+00
1.012082511767238291e+00
1.005081249926511822e+00
1.009086111593711088e+00
1.006449249419087311e+00
1.010497441584435219e+00
1.002580597723263578e+00
1.007137086595722542e+00
1.014346290811810380e+00
1.009454279964151935e+00
1.011793081691509277e+00
1.010079553773628014e+00
1.014697153678800312e+00
1.008245655848138300e+00
1.004731334692683609e+00
1.007499523664339369e+00
1.005989010900630198e+00
1.013777495486518410e+00
1.006987636065900471e+00
1.002246778300515118e+00
1.008050982849896249e+00
1.006951469933697219e+00
1.005523092704472932e+00
1.014312647060447103e+00
1.006873189238937094e+00
1.011169706161169080e+00
1.004835688155965689e+00
1.006635473879653464e+00
1.002022005197617860e+00
1.007684335069527926e+00
1.004193983297444692e+00
1.008194264679241003e+00
1.006386813203263619e+00
1.007446811237650897e+00
1.011169857070032041e+00
1.006462891714015262e+00
1.009100747636812567e+00
1.009380134201316004e+00
1.008371600392681700e+00
1.002897520247754359e+00
1.002059467047498931e+00
1.008637394387289499e+00
1.003597077449934094e+00
1.004862236578202506e+00
1.007804869648701196e+00
1.006267433461349947e+00
1.005214083346983589e+00
1.008130073705981955e+00
1.004136497939613459e+00
1.001500296991656436e+00
1.008752856824785882e+00
1.004483347183916520e+00
1.004713376489552834e+00
1.007349505240437537e+00
1.004765147030096673e+00
1.005060144040678560e+00
1.008354468012309990e+00
1.011871737857973352e+00
1.010405138591988328e+00
1.013158908548726034e+00
1.003898561643723708e+00
1.004819544291727151e+00
1.008233192272747658e+00
1.004240698378579655e+00
1.006019058996956872e+00
1.001714730413219456e+00
1.006054636051841866e+00
1.000677646753308281e+00
1.004493992195864660e+00
1.008704863784550154e+00
1.000793910746395898e+00
1.001437853713286419e+00
1.010077483348378768e+00
1.009076997105655682e+00
1.010804465266649910e+00
1.006307213962697844e+00
1.001566384848117552e+00
1.002298641475425800e+00
1.001966358733644480e+00
1.008012321230066677e+00
1.010939582739274867e+00
1.007920896362112240e+00
1.007054426117915069e+00
1.006510671448711092e+00
1.006922759843729809e+00
1.008506405795763561e+00
1.005888938749760042e+00
1.006223613095239333e+00
1.011466842613215622e+00
1.000518929754842024e+00
1.014253074694206225e+00
1.006065689316836487e+00
1.008674282091317931e+00
1.008068166781015851e+00
1.004420134664875786e+00
1.005499945145720275e+00
1.008245290884622225e+00
1.004262722680051567e+00
1.006029825629552787e+00
1.007224102031562429e+00
1.010923288179668589e+00
1.001793417564798672e+00
1.006088419790836630e+00
1.003162167270222449e+00
1.002129860516294046e+00
1.006591947133652631e+00
1.007250438648937374e+00
1.011589621902679426e+00
1.005797738535144425e+00
1.012158196761508311e+00
1.006973326789053935e+00
1.001246722858596172e+00
1.007776681876424218e+00
1.006057471005082027e+00
1.009353545245184725e+00
9.987133097782148194e-01
1.002173432673238107e+00
1.001607813646866463e+00
1.002923684456673792e+00
1.007903467537993647e+00
1.007735800147552485e+00
1.007539432180106331e+00
1.007597136100865987e+00
1.006050655593797138e+00
1.005539099011219184e+00
1.004263184301999123e+00
1.005525730960681985e+00
1.005304977590909754e+00
1.002217271415009936e+00
1.006281067415516262e+00
1.004709423648673550e+00
1.011110664978190021e+00
1.003997198184229278e+00
1.004112279581617306e+00
1.005445993807868366e+00
1.003479946074948836e+00
9.990497508734771381e-01
1.005270577262137977e+00
1.004493451026858386e+00
1.008947836229590056e+00
1.002376734872253206e+00
1.009219414430442940e+00
1.007753436308089556e+00
1.007465207143651176e+00
1.011188834470115649e+00
1.008174251658806808e+00
1.009129779308609143e+00
9.999159174574412390e-01
1.003744017556216894e+00
1.006716749026786761e+00
1.009438353041724801e+00
1.007980498925059809e+00
1.005477516472323307e+00
1.006283265016375772e+00
1.005054243137653458e+00
1.013060216243463652e+00
1.003853630145121745e+00
1.008242277739251680e+00
1.012071296558395783e+00
1.003246915351351909e+00
1.010502620844327071e+00
1.004079329185442182e+00
1.006317373945675886e+00
1.007089235755803003e+00
1.006286840067535993e+00
1.005101910899095063e+00
1.006278685616921909e+00
1.006948334478636298e+00
1.012138522022250520e+00
1.009648587513131135e+00
1.009632215168895675e+00
1.010108632976510101e+00
1.007962551034527809e+00
1.008596096654561958e+00
1.011023379698901881e+00
1.011867535012411778e+00
1.011416087957800913e+00
1.009484062218304778e+00
1.004972816773806787e+00
1.010232418301361124e+00
1.010752418532945507e+00
1.012869764182318111e+00
1.008709978794452455e+00
1.008142230100123715e+00
1.006019188824434529e+00
1.009307044598311220e+00
1.011535314201789770e+00
1.011717097121199060e+00
1.003985485013317414e+00
1.012607551220961133e+00
1.004153910813746498e+00
1.010444004414349228e+00
1.012757617011983857e+00
1.012165328232399908e+00
1.009073135820135469e+00
1.010464732987941261e+00
1.011968559435372672e+00
1.009405344768795842e+00
1.015268348273610455e+00
1.010588908178712941e+00
1.009238021956806897e+00
1.011665540086034598e+00
1.009286928380819015e+00
1.007656621873790348e+00
1.012737645021018817e+00
1.013788624560419294e+00
1.012816418043820832e+00
1.010396089169772083e+00
1.016502998056646456e+00
1.016879494294629094e+00
1.011712141673968279e+00
1.014581168775144260e+00
1.008790102982142667e+00
1.013045355917707946e+00
1.018177164955760272e+00
1.018170914263177629e+00
1.016947273591258583e+00
1.013572587972033423e+00
1.021425770151249246e+00
1.014463673289680568e+00
1.014366723982595309e+00
1.011285573671224292e+00
1.016234456089486704e+00
1.010071875307481548e+00
1.018518900830061025e+00
1.017981085914812178e+00
1.018751287229898939e+00
1.016597086393319138e+00
