1.000114934879333450e+00
1.000164576401900707e+00
1.000212935842951456e+00
1.000260021774643793e+00
1.000305842769135811e+00
1.000350407398585384e+00
1.000393724235150383e+00
1.000435801850989126e+00
1.000476648818259040e+00
1.000516273709118442e+00
1.000554685095724983e+00
1.000591891550236756e+00
1.000627901644812301e+00
1.000662723951608601e+00
1.000696367042784418e+00
1.000728839490496958e+00
1.000760149866904758e+00
1.000790306744165914e+00
1.000819318694437632e+00
1.000847194289878894e+00
1.000873942102646463e+00
1.000899570704899100e+00
1.000924088668794454e+00
1.000947504566491064e+00
1.000969826970146137e+00
1.000991064451917989e+00
1.001011225583964492e+00
1.001030318938443298e+00
1.001048353087512943e+00
1.001065336603331524e+00
1.001081278058056245e+00
1.001096186023845425e+00
1.001110069072857156e+00
1.001122935777249090e+00
1.001134794709179543e+00
1.001145654440806165e+00
1.001155523544287052e+00
1.001164410591780518e+00
1.001172324155443771e+00
1.001179272807435128e+00
1.001185265119912682e+00
1.001190309665034528e+00
1.001194415014958095e+00
1.001197589741841476e+00
1.001199842417843211e+00
1.001201181615120950e+00
1.001201615905831899e+00
1.001201153862134818e+00
1.001199804056187803e+00
1.001197575060148504e+00
1.001194475446174570e+00
1.001190513786424319e+00
1.001185698653056066e+00
1.001180038618226797e+00
1.001173542254095494e+00
1.001166218132819363e+00
1.001158074826556943e+00
1.001149120907465662e+00
1.001139364947704058e+00
1.001128815519429116e+00
1.001117481194800041e+00
1.001105370545973816e+00
1.001092492145108981e+00
1.001078854564363407e+00
1.001064466375894746e+00
1.001049336151861091e+00
1.001033472464420315e+00
1.001016883885730735e+00
1.000999578987949779e+00
1.000981566343236207e+00
1.000962854523747225e+00
1.000943452101641373e+00
1.000923367649075857e+00
1.000902609738209215e+00
1.000881186941199097e+00
1.000859107830203820e+00
1.000836380977381035e+00
1.000813014954888835e+00
1.000789018334885094e+00
1.000764399689527906e+00
1.000739167590975143e+00
1.000713330611384677e+00
1.000686897322914826e+00
1.000659876297723017e+00
1.000632276107967344e+00
1.000604105325806126e+00
1.000575372523397011e+00
1.000546086272898094e+00
1.000516255146467248e+00
1.000485887716262345e+00
1.000454992554441702e+00
1.000423578233162969e+00
1.000391653324583796e+00
1.000359226400862944e+00
1.000326306034157842e+00
1.000292900796626583e+00
1.000259019260426818e+00
1.000224669997717308e+00
1.000189861580654815e+00
1.000154602581398322e+00
1.000118900728831584e+00
1.000082744356545650e+00
1.000046102402837533e+00
1.000008942962729463e+00
9.999712341312458896e-01
9.999329440034094851e-01
9.998940406742439224e-01
9.998544922387719858e-01
9.998142667920174587e-01
9.997733324290032364e-01
9.997316572447527694e-01
9.996892093342895080e-01
9.996459567926363476e-01
9.996018677148168496e-01
9.995569101958542424e-01
9.995110523307717543e-01
9.994642622145928357e-01
9.994165079423404929e-01
9.993677576090380654e-01
9.993179793097090036e-01
9.992671411393763137e-01
9.992152111930636682e-01
9.991621575657938514e-01
9.991079483525908689e-01
9.990525516484773938e-01
9.989959355484767656e-01
9.989380681476125456e-01
9.988789175409076293e-01
9.988184518233858000e-01
9.987566390900697311e-01
9.986934474359829839e-01
9.986288449561490088e-01
9.985627997455911453e-01
9.984952798993320666e-01
9.984262535123958893e-01
9.983556886798053975e-01
9.982835534965837088e-01
9.982098160577544954e-01
9.981344444583408748e-01
9.980574067933664084e-01
9.979786711578536584e-01
9.978982056468267414e-01
9.978159783553081086e-01
9.977319573783216544e-01
9.976461108108904963e-01
9.975584067480380845e-01
9.974688132847874256e-01
9.973772985161619697e-01
9.972838305371847234e-01
9.971883774428792480e-01
9.970909073282687718e-01
9.969913882883767453e-01
9.968897884182259528e-01
9.967860758128401777e-01
9.966802185672423153e-01
9.965721847764559271e-01
9.964619425355041304e-01
9.963494599394103757e-01
9.962347050831980022e-01
9.961176460618894613e-01
9.959982509705096465e-01
9.958764879040802320e-01
9.957523249576252233e-01
9.956257302261679598e-01
9.954966718047316698e-01
9.953651177883393597e-01
9.952310362720148129e-01
9.950943953507807027e-01
9.949551631196607016e-01
9.948133076736780378e-01
9.946687971078561619e-01
9.945215995172178580e-01
9.943716829967870208e-01
9.942190156415863234e-01
9.940635655466395493e-01
9.939053008069695938e-01
9.937441895175999074e-01
9.935801997735536073e-01
9.934132996698545881e-01
9.932434573015254120e-01
9.930706407635896404e-01
9.928948181510706128e-01
9.927159575589914464e-01
9.925340270823754807e-01
9.923489948162462770e-01
9.921608288556268418e-01
9.919694972955401813e-01
9.917749682310101900e-01
9.915772097570596522e-01
9.913761899687121293e-01
9.911718769609907387e-01
9.909642388289188197e-01
9.907532436675198229e-01
9.905388595718167544e-01
9.903210546368330647e-01
9.900997969575919821e-01
9.898750546291165131e-01
9.896467957464305520e-01
9.894149884045568832e-01
9.891796006985189571e-01
9.409890069469142304e-01
9.407007437933800897e-01
9.404171804866870987e-01
9.401382820939856444e-01
9.398640136824281122e-01
9.395943403191648891e-01
9.393292270713476944e-01
9.390686390061280253e-01
9.388125411906570461e-01
9.385608986920860319e-01
9.383136765775665911e-01
9.380708399142495546e-01
9.378323537692867529e-01
9.375981832098292390e-01
9.373682933030285103e-01
9.371426491160358418e-01
9.369212157160025090e-01
9.367039581700801198e-01
9.364908415454196167e-01
9.362818309091726077e-01
9.360768913284903681e-01
9.358759878705240620e-01
9.356790856024254088e-01
9.354861495913455727e-01
9.352971449044356067e-01
9.351120366088472302e-01
9.349307897717316074e-01
9.347533694602402354e-01
9.345797407415239455e-01
9.344098686827347899e-01
9.342437183510234888e-01
9.340812548135417615e-01
9.339224431374411051e-01
9.337672483898724618e-01
9.336156356379871069e-01
9.334675699489366485e-01
9.333230163898724729e-01
9.331819400279457444e-01
9.330443059303078490e-01
9.329100791641100621e-01
9.327792247965038808e-01
9.326517078946405803e-01
9.325274935256713249e-01
9.324065467567476118e-01
9.322888326550207161e-01
9.321743162876421351e-01
9.320629627217630331e-01
9.319547370245349072e-01
9.318496042631088105e-01
9.317475295046364625e-01
9.316484778162688052e-01
9.315524142651576689e-01
9.314593039184537737e-01
9.313691118433089500e-01
9.312818031068743618e-01
9.311973427763010625e-01
9.311156959187409932e-01
9.310368276013449851e-01
9.309607028912649795e-01
9.308872868556515856e-01
9.308165445616564115e-01
9.307484410764308436e-01
9.306829414671260459e-01
9.306200108008941818e-01
9.305596141448854164e-01
9.305017165662519130e-01
9.304462831321441696e-01
9.303932789097144607e-01
9.303426689661136173e-01
9.302944183684931367e-01
9.302484921840041832e-01
9.302048554797983648e-01
9.301634733230267349e-01
9.301243107808405686e-01
9.300873329203918072e-01
9.300525048088311708e-01
9.300197915133101567e-01
9.299891581009803732e-01
9.299605696389927623e-01
9.299339911944989323e-01
9.299093878409125935e-01
9.298867329624745937e-01
9.298660246380028305e-01
9.298472655119784935e-01
9.298304582288832165e-01
9.298156054331981890e-01
9.298027097694050447e-01
9.297917738819849731e-01
9.297828004154200521e-01
9.297757920141912491e-01
9.297707513227796428e-01
9.297676809856671998e-01
9.297665836473354428e-01
9.297674619522653394e-01
9.297703185449387453e-01
9.297751560698370721e-01
9.297819771714415094e-01
9.297907844942336908e-01
9.298015806826950280e-01
9.298143683813067106e-01
9.298291502345504833e-01
9.298459288869077577e-01
9.298647069828599454e-01
9.298854871668884581e-01
9.299082720834745963e-01
9.299330643771002158e-01
9.299598666922462842e-01
9.299886816733942130e-01
9.300195119650260800e-01
9.300523602116226307e-01
9.300872290576659429e-01
9.301241211476369841e-01
9.301630391260171660e-01
9.302039856372881221e-01
9.302469633259312642e-01
9.302919748364282260e-01
9.303390228132599749e-01
9.303881099009083666e-01
9.304392387438545908e-01
9.304924119865803922e-01
9.305476322735668493e-01
9.306049022492957068e-01
9.306642245582479323e-01
9.307256018449057144e-01
9.307890367537499099e-01
9.308545319292622633e-01
9.309220900159236312e-01
9.309917136582164243e-01
9.310634055006212773e-01
9.311371681876201567e-01
9.312130043636941412e-01
9.312909166733249755e-01
9.313709077609937381e-01
9.314529802711819517e-01
9.315371368483713610e-01
9.316233801370430445e-01
9.317117127816787470e-01
9.318021374267595469e-01
9.318946567167674111e-01
9.319892732961834181e-01
9.320859898094888685e-01
9.321848089011657290e-01
9.322857332156948562e-01
9.323887653975579948e-01
9.324939080912364453e-01
9.326011639412119525e-01
9.327105355919655949e-01
9.328220256879790062e-01
9.329356368737338201e-01
9.330513717937105600e-01
9.331692330923919698e-01
9.332892234142586840e-01
9.334113454037924473e-01
9.335356017054745603e-01
9.336619949637861016e-01
9.337905278232094819e-01
9.339212029282250027e-01
9.340540229233151859e-01
9.341889904529605548e-01
9.343261081616431873e-01
9.344653786682682872e-01
9.346067991694794186e-01
9.347503547640568788e-01
9.348960289138479318e-01
9.350438050807005075e-01
9.351936667264617586e-01
9.353455973129790602e-01
9.354995803021002310e-01
9.356555991556725349e-01
9.358136373355435689e-01
9.359736783035608187e-01
9.361357055215717704e-01
9.362997024514234656e-01
9.364656525549641675e-01
9.366335392940409177e-01
9.368033461305015352e-01
9.369750565261928399e-01
9.371486539429630946e-01
9.373241218426592303e-01
9.375014436871289547e-01
9.376806029382196428e-01
9.378615830577792245e-01
9.380443675076542975e-01
9.382289397496932359e-01
9.384152832457430815e-01
9.386033814576515422e-01
9.387932178472657707e-01
9.389847758764338082e-01
9.391780390070024742e-01
9.393729907008196989e-01
9.395696144197327460e-01
9.397678936255895454e-01
9.399678117802368060e-01
9.401693523455226797e-01
9.403724987832944304e-01
9.405772345553997660e-01
9.407835431236858392e-01
9.409914079500001360e-01
9.412008124961902533e-01
9.414117402241035659e-01
9.416241745955880038e-01
9.418380990724906088e-01
9.420534971166589777e-01
9.422703521899404855e-01
9.424886477541831731e-01
9.427083672712337492e-01
9.429294942029400328e-01
9.431520120111497318e-01
9.433759041577098881e-01
9.436011541044684314e-01
9.438277453132728478e-01
9.440556612459704011e-01
9.442848853644082441e-01
9.445154011304344177e-01
9.447471920058961858e-01
9.449802414526411454e-01
9.452145329325167822e-01
9.454500499073704711e-01
9.456867758390496981e-01
9.459246941894017269e-01
9.461637884202749316e-01
9.464040419935157988e-01
9.466454383709720366e-01
9.468879610144920189e-01
9.471315933859218994e-01
9.473763189471098300e-01
9.476221211599032967e-01
9.478689834861497854e-01
9.481168893876967818e-01
9.483658223263916609e-01
9.486157657640819085e-01
9.488667031626151216e-01
9.491186179838387860e-01
9.493714936896004986e-01
9.496253137417474122e-01
9.498800616021272347e-01
9.501357207325874521e-01
9.503922745949755502e-01
9.506497066511390148e-01
9.509080003629253319e-01
9.511671392088791865e-01
9.514271079595304492e-01
9.516878935754684576e-01
9.519494832294308484e-01
9.522118640941544809e-01
9.524750233423771029e-01
9.527389481468359067e-01
9.530036256802686401e-01
9.532690431154122734e-01
9.535351876250041103e-01
9.538020463817817873e-01
9.540696065584830521e-01
9.543378553278440979e-01
9.546067798626033385e-01
9.548763673354978554e-01
9.551466049192649521e-01
9.554174797866421542e-01
9.556889791103664322e-01
9.559610900631756447e-01
9.562337998178069842e-01
9.565070955469977543e-01
9.567809644234852584e-01
9.570553936200069112e-01
9.573303703093005712e-01
9.576058816641028759e-01
9.578819148571516839e-01
9.581584570611838547e-01
9.584354954489373579e-01
9.587130171931492750e-01
9.589910094665570206e-01
9.592694594418977871e-01
9.595483542919092113e-01
9.598276811893284854e-01
9.601074273068930243e-01
9.603875798173402423e-01
9.606681258934075540e-01
9.609490527078321520e-01
9.612303474333517839e-01
9.615119972427036421e-01
9.617939893086245862e-01
9.620763108038525857e-01
9.623589489011248332e-01
9.626418907731788543e-01
9.629251235927516195e-01
9.632086345325808763e-01
9.634924107654042613e-01
9.637764394639583010e-01
9.640607078009808539e-01
9.643452029492091127e-01
9.646299120813808248e-01
9.649148223702331828e-01
9.651999209885033792e-01
9.654851951089290507e-01
9.657706319042472787e-01
9.660562185471958108e-01
9.663419422105117285e-01
9.666277900669323353e-01
9.669137492891949348e-01
9.671998070500374967e-01
9.674859505221966582e-01
9.677721668784102782e-01
9.680584432914156601e-01
9.683447669339502184e-01
9.686311249787509237e-01
9.689175045985554124e-01
9.692038929661013213e-01
9.694902772541255098e-01
9.697766446353656145e-01
9.700629822825589388e-01
9.703492773684430084e-01
9.706355170657550158e-01
9.709216885472324865e-01
9.712077789856128351e-01
9.714937755536332542e-01
9.717796654240310472e-01
9.720654357695436287e-01
9.723510737629086353e-01
9.726365665768632596e-01
9.729219013841448049e-01
9.732070653574907970e-01
9.734920455703115483e-01
9.737768252345874176e-01
9.740613825461000852e-01
9.743456953653838459e-01
9.746297415529729946e-01
9.749134989694021591e-01
9.751969454752055233e-01
9.754800589309178260e-01
9.757628171970730291e-01
9.760451981342057604e-01
9.763271796028505367e-01
9.766087394635416530e-01
9.768898555768136260e-01
9.771705058032007507e-01
9.774506680032374328e-01
9.777303200374581893e-01
9.780094397663974259e-01
9.782880050505893266e-01
9.785659937505688521e-01
9.788433837268695203e-01
9.791201528400264031e-01
9.793962789505741284e-01
9.796717399190464359e-01
9.799465136059779535e-01
9.802205778719033091e-01
9.804939105773569086e-01
9.807664895828730467e-01
9.810382927489862404e-01
9.813092979362305623e-01
9.815794830051407516e-01
9.818488258162509918e-01
9.821173042300959111e-01
9.823848961072098041e-01
9.826515793081274097e-01
9.829173316933826898e-01
9.831821311235101613e-01
9.834459554590441188e-01
9.837087825605193014e-01
9.839705902884700039e-01
9.842313565034306322e-01
9.844910590659357030e-01
9.847496758365190672e-01
9.850071846757156857e-01
9.852635634440599643e-01
9.855187900020861980e-01
9.857728422103286814e-01
9.860256979293220425e-01
9.862773350196005762e-01
9.865277313416984661e-01
9.867768647561505624e-01
9.870247131234912707e-01
9.872712543042545530e-01
9.875164661589750370e-01
9.877603265481871286e-01
9.880028133324255668e-01
9.882439043722242022e-01
9.884835775281179959e-01
9.887218106606409096e-01
9.889585816303274601e-01
9.891938682977121644e-01
9.894276485233295393e-01
9.896599001677137686e-01
9.898906010913993692e-01
9.901197291549206358e-01
9.903472622188120855e-01
9.905731781436083461e-01
9.907974547898434903e-01
9.910200700180518130e-01
9.912410016887682751e-01
9.914602276625268384e-01
9.916777257998620199e-01
9.918934739613083362e-01
9.921074500073998603e-01
9.923196317986714421e-01
9.925299971956574874e-01
9.927385240588919579e-01
9.929451902489098147e-01
9.931499736262449085e-01
9.933528520514322002e-01
9.935538033850056516e-01
9.937528062611057367e-01
9.939498571068067223e-01
9.941449701421171126e-01
9.943381603606510355e-01
9.945294427560227302e-01
9.947188323218465467e-01
9.949063440517370571e-01
9.950919929393076124e-01
9.952757939781733398e-01
9.954577621619479233e-01
9.956379124842460460e-01
9.958162599386815028e-01
9.959928195188687550e-01
9.961676062184223746e-01
9.963406350309558235e-01
9.965119209500846731e-01
9.966814789694216081e-01
9.968493240825817558e-01
9.970154712831793553e-01
9.971799355648286456e-01
9.973427319211434217e-01
9.975038753457382557e-01
9.976633808322276087e-01
9.978212633742253868e-01
9.979775379653463840e-01
9.981322195992037294e-01
9.982853232694128831e-01
9.984368639695873071e-01
9.985868566933417956e-01
9.987353164342902545e-01
9.988822581860468119e-01
9.990276969422260400e-01
9.991716476964422888e-01
9.993141254423091313e-01
9.994551451734416947e-01
9.995947218834535519e-01
9.997328705659593862e-01
9.998696062145731034e-01
1.000004943822909054e+00
1.000138898384581587e+00
1.000271484893204832e+00
1.000402718342393582e+00
1.000532613725761077e+00
1.000661186036922334e+00
1.000788450269491259e+00
1.000914421417082423e+00
1.001039114473309732e+00
1.001162544431787538e+00
1.001284726286129967e+00
1.001405675029951592e+00
1.001525405656866319e+00
1.001643933160488942e+00
1.001761272534432923e+00
1.001877438772313278e+00
1.001992446867743913e+00
1.002106311814338513e+00
1.002219048605712093e+00
1.002330672235479003e+00
1.002441197697252928e+00
1.002550639984648662e+00
1.002659014091279666e+00
1.002766335010761178e+00
1.002872617736706662e+00
1.002977877262730466e+00
1.003082128582447385e+00
1.003185386689471104e+00
1.003287666577416193e+00
1.003388983239896781e+00
1.003489351670526775e+00
1.003588786862921189e+00
1.003687303810693709e+00
1.003784917507458685e+00
1.003881642946830244e+00
1.003977495122423180e+00
1.004072489027850956e+00
1.004166639656728588e+00
1.004259962002669315e+00
1.004352471059288598e+00
1.004444181820200122e+00
1.004535109279018013e+00
1.004625267557791579e+00
1.004714657736389016e+00
1.004803270854279562e+00
1.004891097692629076e+00
1.004978129032602974e+00
1.005064355655367114e+00
1.005149768342087802e+00
1.005234357873930451e+00
1.005318115032060700e+00
1.005401030597644851e+00
1.005483095351848322e+00
1.005564300075836970e+00
1.005644635550777100e+00
1.005724092557833682e+00
1.005802661878173021e+00
1.005880334292960976e+00
1.005957100583362962e+00
1.006032951530545505e+00
1.006107877915673576e+00
1.006181870519913923e+00
1.006254920124431296e+00
1.006327017510392219e+00
1.006398153458962330e+00
1.006468318751307489e+00
1.006537504168593555e+00
1.006605700491986166e+00
1.006672898502651181e+00
1.006739088981754016e+00
1.006804262710461639e+00
1.006868410469938580e+00
1.006931523041351362e+00
1.006993591205865624e+00
1.007054605744647224e+00
1.007114557438861802e+00
1.007173437069675437e+00
1.007231235418253545e+00
1.007287943265762653e+00
1.007343551393367953e+00
1.007398050582235083e+00
1.007451431613530346e+00
1.007503685268419602e+00
1.007554802328068266e+00
1.007604773573642198e+00
1.007653589786307480e+00
1.007701241747229748e+00
1.007747720237574862e+00
1.007793016038508682e+00
1.007837119931196845e+00
1.007880022696805433e+00
1.007921715116499861e+00
1.007962187971446433e+00
1.008001432042810341e+00
1.008039438111758113e+00
1.008076196959455162e+00
1.008111699367067349e+00
1.008145936115760311e+00
1.008178897986700129e+00
1.008210575761052441e+00
1.008240960219983329e+00
1.008270042144658207e+00
1.008297812316242936e+00
1.008324261515903597e+00
1.008349380524805827e+00
1.008373160124115930e+00
1.008395591094998878e+00
1.008416664218620973e+00
1.008436370276147631e+00
1.008454700048745378e+00
1.008471644317579408e+00
1.008487193863815801e+00
1.008501339468620195e+00
1.008514071913158450e+00
1.008525381978596869e+00
1.008535260446100423e+00
1.008543698096835195e+00
1.008550685711967265e+00
1.008556214072662272e+00
1.008560273960086295e+00
1.008562856155404752e+00
1.008563951439783724e+00
1.008563552751460257e+00
1.008561675296706595e+00
1.008558347418401446e+00
1.008553597629200826e+00
1.008547454441759417e+00
1.008539946368732565e+00
1.008531101922775175e+00
1.008520949616542373e+00
1.008509517962689728e+00
1.008496835473871922e+00
1.008482930662744081e+00
1.008467832041961776e+00
1.008451568124179687e+00
1.008434167422052496e+00
1.008415658448236663e+00
1.008396069715386201e+00
1.008375429736156903e+00
1.008353767023203229e+00
1.008331110089180749e+00
1.008307487446744588e+00
1.008282927608549873e+00
1.008257459087251728e+00
1.008231110395505059e+00
1.008203910045964991e+00
1.008175886551287093e+00
1.008147068424126047e+00
1.008117484177137424e+00
1.008087162322975683e+00
1.008056131374296616e+00
1.008024419843755126e+00
1.007992056244006340e+00
1.007959069087704940e+00
1.007925486887506938e+00
1.007891338156066796e+00
1.007856651406039639e+00
1.007821455150081258e+00
1.007785777900845892e+00
1.007749648170989332e+00
1.007713094473166260e+00
1.007676145320032468e+00
1.007638829224241972e+00
1.007601174698451008e+00
1.007563210255314035e+00
1.007524964407486845e+00
1.007486465667623676e+00
1.007447742548380099e+00
1.007408823562411682e+00
1.007369737222372219e+00
1.007330512040918613e+00
1.007291176530704879e+00
1.007251759204386143e+00
1.007212288574617975e+00
1.007172793154055279e+00
1.007133301455353402e+00
1.007093841991167249e+00
1.007054443274151723e+00
1.007015133816962171e+00
1.006975942132253721e+00
1.006936896732681941e+00
1.006898026130901513e+00
1.006859358839567342e+00
1.006820923371334997e+00
1.006782748238859160e+00
1.006744861954795844e+00
1.006707293031798844e+00
1.006670069982524396e+00
1.006633221319627403e+00
1.006596775555762546e+00
1.006560761203585619e+00
1.006525206775751080e+00
1.006490140784914500e+00
1.006455591743730560e+00
1.006421588164854830e+00
1.006388158560942436e+00
1.006355331444648282e+00
1.006323135328627716e+00
1.006291598725535641e+00
1.006260750148027183e+00
1.006230618108757691e+00
1.006201231120382289e+00
1.006172615589359776e+00
1.006144782355570477e+00
1.006117735281719661e+00
1.006091478197598699e+00
1.006066014932998298e+00
1.006041349317709610e+00
1.006017485181522897e+00
1.005994426354230198e+00
1.005972176665621109e+00
1.005950739945487005e+00
1.005930120023619256e+00
1.005910320729808127e+00
1.005891345893844768e+00
1.005873199345520330e+00
1.005855884914624854e+00
1.005839406430950378e+00
1.005823767724286943e+00
1.005808972624425479e+00
1.005795024961157580e+00
1.005781928564273064e+00
1.005769687263564194e+00
1.005758304888820787e+00
1.005747785269833550e+00
1.005738132236394300e+00
1.005729349618293300e+00
1.005721441245321701e+00
1.005714410947270654e+00
1.005708262553930643e+00
1.005702999895092375e+00
1.005698626800547002e+00
1.005695147100085451e+00
1.005692564623498653e+00
1.005690883200577312e+00
1.005690106661112582e+00
1.005690238834895389e+00
1.005691283551715998e+00
1.005693244641365780e+00
1.005696125933635887e+00
1.005699931258316582e+00
1.005704664445199459e+00
1.005710329324075003e+00
1.005716929724733699e+00
1.005724469476967364e+00
1.005732952410566039e+00
1.005742382355321096e+00
1.005752763141023465e+00
1.005764098597463629e+00
1.005776392554432963e+00
1.005789648841721950e+00
1.005803871289121521e+00
1.005819063726423268e+00
1.005835229983417012e+00
1.005852373889894347e+00
1.005870499275645980e+00
1.005889609970462617e+00
1.005909709804135410e+00
1.005930802606455288e+00
1.005952892207212956e+00
1.005975982436199345e+00
1.006000077123205161e+00
1.006025180098021554e+00
1.006051295190439454e+00
1.006078426230250233e+00
1.006106577047243267e+00
1.006135751471211037e+00
1.006165953331943363e+00
1.006197186459231840e+00
1.006229454682866953e+00
1.006262761832639629e+00
1.006297111738340799e+00
1.006332508229761835e+00
1.006368955136693000e+00
1.006406456288925000e+00
1.006445015516249653e+00
1.006484636648456998e+00
1.006525323515338410e+00
1.006567079946684373e+00
1.006609909772286260e+00
1.006653816821934333e+00
1.006698804925420188e+00
1.006744882370307126e+00
1.006792081557369656e+00
1.006840443003260699e+00
1.006890007230754058e+00
1.006940814762622427e+00
1.006992906121639830e+00
1.007046321830579627e+00
1.007101102412215177e+00
1.007157288389319838e+00
1.007214920284666970e+00
1.007274038621030154e+00
1.007334683921183416e+00
1.007396896707899003e+00
1.007460717503951164e+00
1.007526186832113702e+00
1.007593345215159086e+00
1.007662233175861344e+00
1.007732891236994055e+00
1.007805359921329913e+00
1.007879679751643387e+00
1.007955891250707392e+00
1.008034034941295509e+00
1.008114151346180876e+00
1.008196280988137294e+00
1.008280464389937903e+00
1.008366742074356504e+00
1.008455154564166012e+00
1.008545742382140897e+00
1.008638546051053408e+00
1.008733606093677793e+00
1.008830963032786965e+00
1.008930657391154950e+00
1.009032729691554664e+00
1.009137220456759909e+00
1.009244170209543823e+00
1.009353619472679986e+00
1.009465608768942202e+00
1.009580178621103608e+00
1.009697369551937340e+00
1.009817222084217203e+00
1.009939776740716999e+00
1.010065074044209421e+00
1.010193154517468495e+00
1.010324058683267356e+00
1.010457827064379366e+00
1.010594500183578326e+00
1.010734118563637596e+00
1.010876722727330534e+00
1.011022353197430279e+00
1.011171050496710855e+00
1.011322855147945621e+00
1.011477807673907936e+00
1.011635948597370938e+00
1.011797318441108207e+00
1.011961957727893324e+00
1.012129906980499650e+00
1.012301206721700986e+00
1.012475897474270248e+00
1.012654019760981239e+00
1.012835614104607096e+00
1.013020721027921622e+00
1.013209381053698177e+00
1.013401634704709675e+00
1.013597522503730586e+00
1.013797084973533602e+00
1.014000362636892305e+00
1.014207396016580276e+00
1.014418225635370874e+00
1.014632892016037236e+00
1.014851435681353609e+00
1.015073897154092908e+00
1.015300316957028492e+00
1.015530735612933944e+00
1.015765193644582620e+00
1.016003731574748548e+00
1.016246389926204197e+00
1.016493209221723815e+00
1.016744229984080317e+00
1.016999492736047728e+00
1.017259038000398963e+00
