0.000000000000000000e+00
2.002002002002001985e-02
4.004004004004003969e-02
6.006006006006005954e-02
8.008008008008007939e-02
1.001001001001000923e-01
1.201201201201201191e-01
1.401401401401401459e-01
1.601601601601601588e-01
1.801801801801801717e-01
2.002002002002001846e-01
2.202202202202202252e-01
2.402402402402402382e-01
2.602602602602602788e-01
2.802802802802802917e-01
3.003003003003003046e-01
3.203203203203203175e-01
3.403403403403403304e-01
3.603603603603603434e-01
3.803803803803803563e-01
4.004004004004003692e-01
4.204204204204204376e-01
4.404404404404404505e-01
4.604604604604604634e-01
4.804804804804804763e-01
5.005005005005005447e-01
5.205205205205205576e-01
5.405405405405405705e-01
5.605605605605605835e-01
5.805805805805805964e-01
6.006006006006006093e-01
6.206206206206206222e-01
6.406406406406406351e-01
6.606606606606606480e-01
6.806806806806806609e-01
7.007007007007006738e-01
7.207207207207206867e-01
7.407407407407406996e-01
7.607607607607607125e-01
7.807807807807807254e-01
8.008008008008007383e-01
8.208208208208208623e-01
8.408408408408408752e-01
8.608608608608608881e-01
8.808808808808809010e-01
9.009009009009009139e-01
9.209209209209209268e-01
9.409409409409409397e-01
9.609609609609609526e-01
9.809809809809809655e-01
1.001001001001001089e+00
1.021021021021021102e+00
1.041041041041041115e+00
1.061061061061061128e+00
1.081081081081081141e+00
1.101101101101101154e+00
1.121121121121121167e+00
1.141141141141141180e+00
1.161161161161161193e+00
1.181181181181181206e+00
1.201201201201201219e+00
1.221221221221221231e+00
1.241241241241241244e+00
1.261261261261261257e+00
1.281281281281281270e+00
1.301301301301301283e+00
1.321321321321321296e+00
1.341341341341341309e+00
1.361361361361361322e+00
1.381381381381381335e+00
1.401401401401401348e+00
1.421421421421421361e+00
1.441441441441441373e+00
1.461461461461461386e+00
1.481481481481481399e+00
1.501501501501501412e+00
1.521521521521521425e+00
1.541541541541541438e+00
1.561561561561561451e+00
1.581581581581581464e+00
1.601601601601601477e+00
1.621621621621621712e+00
1.641641641641641725e+00
1.661661661661661737e+00
1.681681681681681750e+00
1.701701701701701763e+00
1.721721721721721776e+00
1.741741741741741789e+00
1.761761761761761802e+00
1.781781781781781815e+00
1.801801801801801828e+00
1.821821821821821841e+00
1.841841841841841854e+00
1.861861861861861867e+00
1.881881881881881879e+00
1.901901901901901892e+00
1.921921921921921905e+00
1.941941941941941918e+00
1.961961961961961931e+00
1.981981981981981944e+00
2.002002002002002179e+00
2.022022022022022192e+00
2.042042042042042205e+00
2.062062062062062218e+00
2.082082082082082231e+00
2.102102102102102243e+00
2.122122122122122256e+00
2.142142142142142269e+00
2.162162162162162282e+00
2.182182182182182295e+00
2.202202202202202308e+00
2.222222222222222321e+00
2.242242242242242334e+00
2.262262262262262347e+00
2.282282282282282360e+00
2.302302302302302373e+00
2.322322322322322385e+00
2.342342342342342398e+00
2.362362362362362411e+00
2.382382382382382424e+00
2.402402402402402437e+00
2.422422422422422450e+00
2.442442442442442463e+00
2.462462462462462476e+00
2.482482482482482489e+00
2.502502502502502502e+00
2.522522522522522515e+00
2.542542542542542527e+00
2.562562562562562540e+00
2.582582582582582553e+00
2.602602602602602566e+00
2.622622622622622579e+00
2.642642642642642592e+00
2.662662662662662605e+00
2.682682682682682618e+00
2.702702702702702631e+00
2.722722722722722644e+00
2.742742742742742657e+00
2.762762762762762669e+00
2.782782782782782682e+00
2.802802802802802695e+00
2.822822822822822708e+00
2.842842842842842721e+00
2.862862862862862734e+00
2.882882882882882747e+00
2.902902902902902760e+00
2.922922922922922773e+00
2.942942942942942786e+00
2.962962962962962798e+00
2.982982982982982811e+00
3.003003003003002824e+00
3.023023023023022837e+00
3.043043043043042850e+00
3.063063063063062863e+00
3.083083083083082876e+00
3.103103103103102889e+00
3.123123123123122902e+00
3.143143143143142915e+00
3.163163163163162928e+00
3.183183183183182940e+00
3.203203203203202953e+00
3.223223223223223410e+00
3.243243243243243423e+00
3.263263263263263436e+00
3.283283283283283449e+00
3.303303303303303462e+00
3.323323323323323475e+00
3.343343343343343488e+00
3.363363363363363501e+00
3.383383383383383514e+00
3.403403403403403527e+00
3.423423423423423539e+00
3.443443443443443552e+00
3.463463463463463565e+00
3.483483483483483578e+00
3.503503503503503591e+00
3.523523523523523604e+00
3.543543543543543617e+00
3.563563563563563630e+00
3.583583583583583643e+00
3.603603603603603656e+00
3.623623623623623669e+00
3.643643643643643681e+00
3.663663663663663694e+00
3.683683683683683707e+00
3.703703703703703720e+00
3.723723723723723733e+00
3.743743743743743746e+00
3.763763763763763759e+00
3.783783783783783772e+00
3.803803803803803785e+00
3.823823823823823798e+00
3.843843843843843811e+00
3.863863863863863823e+00
3.883883883883883836e+00
3.903903903903903849e+00
3.923923923923923862e+00
3.943943943943943875e+00
3.963963963963963888e+00
3.983983983983983901e+00
8.004004004004004358e+00
8.024024024024024371e+00
8.044044044044044384e+00
8.064064064064064397e+00
8.084084084084084409e+00
8.104104104104104422e+00
8.124124124124124435e+00
8.144144144144144448e+00
8.164164164164164461e+00
8.184184184184184474e+00
8.204204204204204487e+00
8.224224224224224500e+00
8.244244244244244513e+00
8.264264264264264526e+00
8.284284284284284539e+00
8.304304304304304551e+00
8.324324324324324564e+00
8.344344344344344577e+00
8.364364364364364590e+00
8.384384384384384603e+00
8.404404404404404616e+00
8.424424424424424629e+00
8.444444444444444642e+00
8.464464464464464655e+00
8.484484484484484668e+00
8.504504504504504681e+00
8.524524524524524693e+00
8.544544544544544706e+00
8.564564564564564719e+00
8.584584584584584732e+00
8.604604604604604745e+00
8.624624624624624758e+00
8.644644644644644771e+00
8.664664664664664784e+00
8.684684684684684797e+00
8.704704704704704810e+00
8.724724724724724823e+00
8.744744744744744835e+00
8.764764764764764848e+00
8.784784784784784861e+00
8.804804804804804874e+00
8.824824824824824887e+00
8.844844844844844900e+00
8.864864864864864913e+00
8.884884884884884926e+00
8.904904904904904939e+00
8.924924924924924952e+00
8.944944944944944965e+00
8.964964964964964977e+00
8.984984984984984990e+00
9.005005005005005003e+00
9.025025025025025016e+00
9.045045045045045029e+00
9.065065065065065042e+00
9.085085085085085055e+00
9.105105105105105068e+00
9.125125125125125081e+00
9.145145145145145094e+00
9.165165165165165106e+00
9.185185185185185119e+00
9.205205205205205132e+00
9.225225225225225145e+00
9.245245245245245158e+00
9.265265265265265171e+00
9.285285285285285184e+00
9.305305305305305197e+00
9.325325325325325210e+00
9.345345345345345223e+00
9.365365365365365236e+00
9.385385385385385248e+00
9.405405405405405261e+00
9.425425425425425274e+00
9.445445445445445287e+00
9.465465465465465300e+00
9.485485485485485313e+00
9.505505505505505326e+00
9.525525525525525339e+00
9.545545545545545352e+00
9.565565565565565365e+00
9.585585585585585378e+00
9.605605605605605390e+00
9.625625625625625403e+00
9.645645645645645416e+00
9.665665665665665429e+00
9.685685685685685442e+00
9.705705705705705455e+00
9.725725725725725468e+00
9.745745745745745481e+00
9.765765765765765494e+00
9.785785785785785507e+00
9.805805805805805520e+00
9.825825825825825532e+00
9.845845845845845545e+00
9.865865865865865558e+00
9.885885885885885571e+00
9.905905905905905584e+00
9.925925925925925597e+00
9.945945945945945610e+00
9.965965965965965623e+00
9.985985985985985636e+00
1.000600600600600565e+01
1.002602602602602566e+01
1.004604604604604567e+01
1.006606606606606569e+01
1.008608608608608570e+01
1.010610610610610571e+01
1.012612612612612573e+01
1.014614614614614574e+01
1.016616616616616575e+01
1.018618618618618576e+01
1.020620620620620578e+01
1.022622622622622579e+01
1.024624624624624580e+01
1.026626626626626582e+01
1.028628628628628583e+01
1.030630630630630584e+01
1.032632632632632586e+01
1.034634634634634587e+01
1.036636636636636588e+01
1.038638638638638589e+01
1.040640640640640591e+01
1.042642642642642770e+01
1.044644644644644771e+01
1.046646646646646772e+01
1.048648648648648773e+01
1.050650650650650775e+01
1.052652652652652776e+01
1.054654654654654777e+01
1.056656656656656779e+01
1.058658658658658780e+01
1.060660660660660781e+01
1.062662662662662783e+01
1.064664664664664784e+01
1.066666666666666785e+01
1.068668668668668786e+01
1.070670670670670788e+01
1.072672672672672789e+01
1.074674674674674790e+01
1.076676676676676792e+01
1.078678678678678793e+01
1.080680680680680794e+01
1.082682682682682795e+01
1.084684684684684797e+01
1.086686686686686798e+01
1.088688688688688799e+01
1.090690690690690801e+01
1.092692692692692802e+01
1.094694694694694803e+01
1.096696696696696804e+01
1.098698698698698806e+01
1.100700700700700807e+01
1.102702702702702808e+01
1.104704704704704810e+01
1.106706706706706811e+01
1.108708708708708812e+01
1.110710710710710813e+01
1.112712712712712815e+01
1.114714714714714816e+01
1.116716716716716817e+01
1.118718718718718819e+01
1.120720720720720820e+01
1.122722722722722821e+01
1.124724724724724823e+01
1.126726726726726824e+01
1.128728728728728825e+01
1.130730730730730826e+01
1.132732732732732828e+01
1.134734734734734829e+01
1.136736736736736830e+01
1.138738738738738832e+01
1.140740740740740833e+01
1.142742742742742834e+01
1.144744744744744835e+01
1.146746746746746837e+01
1.148748748748748838e+01
1.150750750750750839e+01
1.152752752752752841e+01
1.154754754754754842e+01
1.156756756756756843e+01
1.158758758758758844e+01
1.160760760760760846e+01
1.162762762762762847e+01
1.164764764764764848e+01
1.166766766766766850e+01
1.168768768768768851e+01
1.170770770770770852e+01
1.172772772772772854e+01
1.174774774774774855e+01
1.176776776776776856e+01
1.178778778778778857e+01
1.180780780780780859e+01
1.182782782782782860e+01
1.184784784784784861e+01
1.186786786786786863e+01
1.188788788788788864e+01
1.190790790790790865e+01
1.192792792792792866e+01
1.194794794794794868e+01
1.196796796796796869e+01
1.198798798798798870e+01
1.200800800800800872e+01
1.202802802802802873e+01
1.204804804804804874e+01
1.206806806806806875e+01
1.208808808808808877e+01
1.210810810810810878e+01
1.212812812812812879e+01
1.214814814814814881e+01
1.216816816816816882e+01
1.218818818818818883e+01
1.220820820820820884e+01
1.222822822822822886e+01
1.224824824824824887e+01
1.226826826826826888e+01
1.228828828828828890e+01
1.230830830830830891e+01
1.232832832832832892e+01
1.234834834834834894e+01
1.236836836836836895e+01
1.238838838838838896e+01
1.240840840840840897e+01
1.242842842842842899e+01
1.244844844844844900e+01
1.246846846846846901e+01
1.248848848848848903e+01
1.250850850850850904e+01
1.252852852852852905e+01
1.254854854854854906e+01
1.256856856856856908e+01
1.258858858858858909e+01
1.260860860860860910e+01
1.262862862862862912e+01
1.264864864864864913e+01
1.266866866866866914e+01
1.268868868868868915e+01
1.270870870870870917e+01
1.272872872872872918e+01
1.274874874874874919e+01
1.276876876876876921e+01
1.278878878878878922e+01
1.280880880880880923e+01
1.282882882882882924e+01
1.284884884884884926e+01
1.286886886886886927e+01
1.288888888888888928e+01
1.290890890890890930e+01
1.292892892892892931e+01
1.294894894894894932e+01
1.296896896896896934e+01
1.298898898898898935e+01
1.300900900900900936e+01
1.302902902902902937e+01
1.304904904904904939e+01
1.306906906906906940e+01
1.308908908908908941e+01
1.310910910910910943e+01
1.312912912912912944e+01
1.314914914914914945e+01
1.316916916916916946e+01
1.318918918918918948e+01
1.320920920920920949e+01
1.322922922922922950e+01
1.324924924924924952e+01
1.326926926926926953e+01
1.328928928928928954e+01
1.330930930930930955e+01
1.332932932932932957e+01
1.334934934934934958e+01
1.336936936936936959e+01
1.338938938938938961e+01
1.340940940940940962e+01
1.342942942942942963e+01
1.344944944944944965e+01
1.346946946946946966e+01
1.348948948948948967e+01
1.350950950950950968e+01
1.352952952952952970e+01
1.354954954954954971e+01
1.356956956956956972e+01
1.358958958958958974e+01
1.360960960960960975e+01
1.362962962962962976e+01
1.364964964964964977e+01
1.366966966966966979e+01
1.368968968968968980e+01
1.370970970970970981e+01
1.372972972972972983e+01
1.374974974974974984e+01
1.376976976976976985e+01
1.378978978978978986e+01
1.380980980980980988e+01
1.382982982982982989e+01
1.384984984984984990e+01
1.386986986986986992e+01
1.388988988988988993e+01
1.390990990990990994e+01
1.392992992992992995e+01
1.394994994994994997e+01
1.396996996996996998e+01
1.398998998998998999e+01
1.401001001001001001e+01
1.403003003003003002e+01
1.405005005005005003e+01
1.407007007007007005e+01
1.409009009009009006e+01
1.411011011011011007e+01
1.413013013013013008e+01
1.415015015015015010e+01
1.417017017017017011e+01
1.419019019019019012e+01
1.421021021021021014e+01
1.423023023023023015e+01
1.425025025025025016e+01
1.427027027027027017e+01
1.429029029029029019e+01
1.431031031031031020e+01
1.433033033033033021e+01
1.435035035035035023e+01
1.437037037037037024e+01
1.439039039039039025e+01
1.441041041041041026e+01
1.443043043043043028e+01
1.445045045045045029e+01
1.447047047047047030e+01
1.449049049049049032e+01
1.451051051051051033e+01
1.453053053053053034e+01
1.455055055055055035e+01
1.457057057057057037e+01
1.459059059059059038e+01
1.461061061061061039e+01
1.463063063063063041e+01
1.465065065065065042e+01
1.467067067067067043e+01
1.469069069069069045e+01
1.471071071071071046e+01
1.473073073073073047e+01
1.475075075075075048e+01
1.477077077077077050e+01
1.479079079079079051e+01
1.481081081081081052e+01
1.483083083083083054e+01
1.485085085085085055e+01
1.487087087087087056e+01
1.489089089089089057e+01
1.491091091091091059e+01
1.493093093093093060e+01
1.495095095095095061e+01
1.497097097097097063e+01
1.499099099099099064e+01
1.501101101101101065e+01
1.503103103103103066e+01
1.505105105105105068e+01
1.507107107107107069e+01
1.509109109109109070e+01
1.511111111111111072e+01
1.513113113113113073e+01
1.515115115115115074e+01
1.517117117117117076e+01
1.519119119119119077e+01
1.521121121121121078e+01
1.523123123123123079e+01
1.525125125125125081e+01
1.527127127127127082e+01
1.529129129129129083e+01
1.531131131131131085e+01
1.533133133133133086e+01
1.535135135135135087e+01
1.537137137137137088e+01
1.539139139139139090e+01
1.541141141141141091e+01
1.543143143143143092e+01
1.545145145145145094e+01
1.547147147147147095e+01
1.549149149149149096e+01
1.551151151151151097e+01
1.553153153153153099e+01
1.555155155155155100e+01
1.557157157157157101e+01
1.559159159159159103e+01
1.561161161161161104e+01
1.563163163163163105e+01
1.565165165165165106e+01
1.567167167167167108e+01
1.569169169169169109e+01
1.571171171171171110e+01
1.573173173173173112e+01
1.575175175175175113e+01
1.577177177177177114e+01
1.579179179179179116e+01
1.581181181181181117e+01
1.583183183183183118e+01
1.585185185185185119e+01
1.587187187187187121e+01
1.589189189189189122e+01
1.591191191191191123e+01
1.593193193193193125e+01
1.595195195195195126e+01
1.597197197197197127e+01
1.599199199199199128e+01
1.601201201201201130e+01
1.603203203203203131e+01
1.605205205205205132e+01
1.607207207207207134e+01
1.609209209209209135e+01
1.611211211211211136e+01
1.613213213213213137e+01
1.615215215215215139e+01
1.617217217217217140e+01
1.619219219219219141e+01
1.621221221221221143e+01
1.623223223223223144e+01
1.625225225225225145e+01
1.627227227227227146e+01
1.629229229229229148e+01
1.631231231231231149e+01
1.633233233233233150e+01
1.635235235235235152e+01
1.637237237237237153e+01
1.639239239239239154e+01
1.641241241241241156e+01
1.643243243243243157e+01
1.645245245245245158e+01
1.647247247247247159e+01
1.649249249249249161e+01
1.651251251251251162e+01
1.653253253253253163e+01
1.655255255255255165e+01
1.657257257257257166e+01
1.659259259259259167e+01
1.661261261261261168e+01
1.663263263263263170e+01
1.665265265265265171e+01
1.667267267267267172e+01
1.669269269269269174e+01
1.671271271271271175e+01
1.673273273273273176e+01
1.675275275275275177e+01
1.677277277277277179e+01
1.679279279279279180e+01
1.681281281281281181e+01
1.683283283283283538e+01
1.685285285285285539e+01
1.687287287287287540e+01
1.689289289289289542e+01
1.691291291291291543e+01
1.693293293293293544e+01
1.695295295295295546e+01
1.697297297297297547e+01
1.699299299299299548e+01
1.701301301301301550e+01
1.703303303303303551e+01
1.705305305305305552e+01
1.707307307307307553e+01
1.709309309309309555e+01
1.711311311311311556e+01
1.713313313313313557e+01
1.715315315315315559e+01
1.717317317317317560e+01
1.719319319319319561e+01
1.721321321321321562e+01
1.723323323323323564e+01
1.725325325325325565e+01
1.727327327327327566e+01
1.729329329329329568e+01
1.731331331331331569e+01
1.733333333333333570e+01
1.735335335335335571e+01
1.737337337337337573e+01
1.739339339339339574e+01
1.741341341341341575e+01
1.743343343343343577e+01
1.745345345345345578e+01
1.747347347347347579e+01
1.749349349349349581e+01
1.751351351351351582e+01
1.753353353353353583e+01
1.755355355355355584e+01
1.757357357357357586e+01
1.759359359359359587e+01
1.761361361361361588e+01
1.763363363363363590e+01
1.765365365365365591e+01
1.767367367367367592e+01
1.769369369369369593e+01
1.771371371371371595e+01
1.773373373373373596e+01
1.775375375375375597e+01
1.777377377377377599e+01
1.779379379379379600e+01
1.781381381381381601e+01
1.783383383383383602e+01
1.785385385385385604e+01
1.787387387387387605e+01
1.789389389389389606e+01
1.791391391391391608e+01
1.793393393393393609e+01
1.795395395395395610e+01
1.797397397397397611e+01
1.799399399399399613e+01
1.801401401401401614e+01
1.803403403403403615e+01
1.805405405405405617e+01
1.807407407407407618e+01
1.809409409409409619e+01
1.811411411411411621e+01
1.813413413413413622e+01
1.815415415415415623e+01
1.817417417417417624e+01
1.819419419419419626e+01
1.821421421421421627e+01
1.823423423423423628e+01
1.825425425425425630e+01
1.827427427427427631e+01
1.829429429429429632e+01
1.831431431431431633e+01
1.833433433433433635e+01
1.835435435435435636e+01
1.837437437437437637e+01
1.839439439439439639e+01
1.841441441441441640e+01
1.843443443443443641e+01
1.845445445445445642e+01
1.847447447447447644e+01
1.849449449449449645e+01
1.851451451451451646e+01
1.853453453453453648e+01
1.855455455455455649e+01
1.857457457457457650e+01
1.859459459459459651e+01
1.861461461461461653e+01
1.863463463463463654e+01
1.865465465465465655e+01
1.867467467467467657e+01
1.869469469469469658e+01
1.871471471471471659e+01
1.873473473473473661e+01
1.875475475475475662e+01
1.877477477477477663e+01
1.879479479479479664e+01
1.881481481481481666e+01
1.883483483483483667e+01
1.885485485485485668e+01
1.887487487487487670e+01
1.889489489489489671e+01
1.891491491491491672e+01
1.893493493493493673e+01
1.895495495495495675e+01
1.897497497497497676e+01
1.899499499499499677e+01
1.901501501501501679e+01
1.903503503503503680e+01
1.905505505505505681e+01
1.907507507507507682e+01
1.909509509509509684e+01
1.911511511511511685e+01
1.913513513513513686e+01
1.915515515515515688e+01
1.917517517517517689e+01
1.919519519519519690e+01
1.921521521521521692e+01
1.923523523523523693e+01
1.925525525525525694e+01
1.927527527527527695e+01
1.929529529529529697e+01
1.931531531531531698e+01
1.933533533533533699e+01
1.935535535535535701e+01
1.937537537537537702e+01
1.939539539539539703e+01
1.941541541541541704e+01
1.943543543543543706e+01
1.945545545545545707e+01
1.947547547547547708e+01
1.949549549549549710e+01
1.951551551551551711e+01
1.953553553553553712e+01
1.955555555555555713e+01
1.957557557557557715e+01
1.959559559559559716e+01
1.961561561561561717e+01
1.963563563563563719e+01
1.965565565565565720e+01
1.967567567567567721e+01
1.969569569569569722e+01
1.971571571571571724e+01
1.973573573573573725e+01
1.975575575575575726e+01
1.977577577577577728e+01
1.979579579579579729e+01
1.981581581581581730e+01
1.983583583583583732e+01
1.985585585585585733e+01
1.987587587587587734e+01
1.989589589589589735e+01
1.991591591591591737e+01
1.993593593593593738e+01
1.995595595595595739e+01
1.997597597597597741e+01
1.999599599599599742e+01
2.001601601601601743e+01
2.003603603603603744e+01
2.005605605605605746e+01
2.007607607607607747e+01
2.009609609609609748e+01
2.011611611611611750e+01
2.013613613613613751e+01
2.015615615615615752e+01
2.017617617617617753e+01
2.019619619619619755e+01
2.021621621621621756e+01
2.023623623623623757e+01
2.025625625625625759e+01
2.027627627627627760e+01
2.029629629629629761e+01
2.031631631631631763e+01
2.033633633633633764e+01
2.035635635635635765e+01
2.037637637637637766e+01
2.039639639639639768e+01
2.041641641641641769e+01
2.043643643643643770e+01
2.045645645645645772e+01
2.047647647647647773e+01
2.049649649649649774e+01
2.051651651651651775e+01
2.053653653653653777e+01
2.055655655655655778e+01
2.057657657657657779e+01
2.059659659659659781e+01
2.061661661661661782e+01
2.063663663663663783e+01
2.065665665665665784e+01
2.067667667667667786e+01
2.069669669669669787e+01
2.071671671671671788e+01
2.073673673673673790e+01
2.075675675675675791e+01
2.077677677677677792e+01
2.079679679679679793e+01
2.081681681681681795e+01
2.083683683683683796e+01
2.085685685685685797e+01
2.087687687687687799e+01
2.089689689689689800e+01
2.091691691691691801e+01
2.093693693693693803e+01
2.095695695695695804e+01
2.097697697697697805e+01
2.099699699699699806e+01
2.101701701701701808e+01
2.103703703703703809e+01
2.105705705705705810e+01
2.107707707707707812e+01
2.109709709709709813e+01
2.111711711711711814e+01
2.113713713713713815e+01
2.115715715715715817e+01
2.117717717717717818e+01
2.119719719719719819e+01
2.121721721721721821e+01
2.123723723723723822e+01
2.125725725725725823e+01
2.127727727727727824e+01
2.129729729729729826e+01
2.131731731731731827e+01
2.133733733733733828e+01
2.135735735735735830e+01
2.137737737737737831e+01
2.139739739739739832e+01
2.141741741741741833e+01
2.143743743743743835e+01
2.145745745745745836e+01
2.147747747747747837e+01
2.149749749749749839e+01
2.151751751751751840e+01
2.153753753753753841e+01
2.155755755755755843e+01
2.157757757757757844e+01
2.159759759759759845e+01
2.161761761761761846e+01
2.163763763763763848e+01
2.165765765765765849e+01
2.167767767767767850e+01
2.169769769769769852e+01
2.171771771771771853e+01
2.173773773773773854e+01
2.175775775775775855e+01
2.177777777777777857e+01
2.179779779779779858e+01
2.181781781781781859e+01
2.183783783783783861e+01
2.185785785785785862e+01
2.187787787787787863e+01
2.189789789789789864e+01
2.191791791791791866e+01
2.193793793793793867e+01
2.195795795795795868e+01
2.197797797797797870e+01
2.199799799799799871e+01
2.201801801801801872e+01
2.203803803803803874e+01
2.205805805805805875e+01
2.207807807807807876e+01
2.209809809809809877e+01
2.211811811811811879e+01
2.213813813813813880e+01
2.215815815815815881e+01
2.217817817817817883e+01
2.219819819819819884e+01
2.221821821821821885e+01
2.223823823823823886e+01
2.225825825825825888e+01
2.227827827827827889e+01
2.229829829829829890e+01
2.231831831831831892e+01
2.233833833833833893e+01
2.235835835835835894e+01
2.237837837837837895e+01
2.239839839839839897e+01
2.241841841841841898e+01
2.243843843843843899e+01
2.245845845845845901e+01
2.247847847847847902e+01
2.249849849849849903e+01
2.251851851851851904e+01
2.253853853853853906e+01
2.255855855855855907e+01
2.257857857857857908e+01
2.259859859859859910e+01
2.261861861861861911e+01
2.263863863863863912e+01
2.265865865865865914e+01
2.267867867867867915e+01
2.269869869869869916e+01
2.271871871871871917e+01
2.273873873873873919e+01
2.275875875875875920e+01
2.277877877877877921e+01
2.279879879879879923e+01
2.281881881881881924e+01
2.283883883883883925e+01
2.285885885885885926e+01
2.287887887887887928e+01
2.289889889889889929e+01
2.291891891891891930e+01
2.293893893893893932e+01
2.295895895895895933e+01
2.297897897897897934e+01
2.299899899899899935e+01
2.301901901901901937e+01
2.303903903903903938e+01
2.305905905905905939e+01
2.307907907907907941e+01
2.309909909909909942e+01
2.311911911911911943e+01
2.313913913913913944e+01
2.315915915915915946e+01
2.317917917917917947e+01
2.319919919919919948e+01
2.321921921921921950e+01
2.323923923923923951e+01
2.325925925925925952e+01
2.327927927927927954e+01
2.329929929929929955e+01
2.331931931931931956e+01
2.333933933933933957e+01
2.335935935935935959e+01
2.337937937937937960e+01
2.339939939939939961e+01
2.341941941941941963e+01
2.343943943943943964e+01
2.345945945945945965e+01
2.347947947947947966e+01
2.349949949949949968e+01
2.351951951951951969e+01
2.353953953953953970e+01
2.355955955955955972e+01
2.357957957957957973e+01
2.359959959959959974e+01
2.361961961961961975e+01
2.363963963963963977e+01
2.365965965965965978e+01
2.367967967967967979e+01
2.369969969969969981e+01
2.371971971971971982e+01
2.373973973973973983e+01
2.375975975975975985e+01
2.377977977977977986e+01
2.379979979979979987e+01
2.381981981981981988e+01
2.383983983983983990e+01
2.385985985985985991e+01
2.387987987987987992e+01
2.389989989989989994e+01
2.391991991991991995e+01
2.393993993993993996e+01
2.395995995995995997e+01
2.397997997997997999e+01
2.400000000000000000e+01
